----START OF FILE 5wordsBadLvShi.txt ---
1
2.0
3.0
2.0
1.0
1.0
0.875
0.85
1.0
2
0.0
2.0
2.0
0.3
1.0
0.8541666666666666
0.95
1.0
3
1.0
3.0
0.0
0.3
0.6666
0.7500000000000001
0.95
1.0
4
0.6
3.0
2.0
0.0
0.6666
0.7592592592592592
0.875
2.0
5
0.0
1.0
2.0
0.15
0.6666
0.8333333333333334
0.825
1.0
6
0.0
1.5
2.0
0.0
0.6666
0.8541666666666667
1.0
2.0
7
1.15
0.3
2.0
0.0
0.6666
0.9166666666666666
0.975
1.0
8
0.6
0.15
0.6
0.6
0.6666
0.9166666666666667
0.95
2.0
9
1.5
1.0
1.1666666716337204
0.3
0.6666
0.875
0.95
1.0
10
0.3
1.0
2.0
0.075
0.6666
0.875
0.975
2.0
11
0.44999999999999996
2.0
2.0
1.0
1.0
0.9375
0.825
1.0
END OF FILE
----START OF FILE 5wordsBadPoems.txt ---
1
0.0
0.0
0.6666
0.49999999999999994
0.7
4.0
2
0.0
1.0
0.6666
0.5833333333333333
0.6
2.0
3
1.3
0.0
0.6666
0.7499999999999999
0.7
1.0
4
0.6
0.0
0.6666
0.3333333333333333
0.85
1.0
5
0.0
0.0
0.6666
0.3333333333333333
0.65
2.0
6
2.5
3.0
1.0
1.0
0.8
4.0
7
1.0
0.0
0.6666
0.875
0.7
2.0
8
1.6
0.0
0.6666
0.7499999999999999
0.75
1.0
9
2.0
0.6
0.6666
0.8333333333333333
1.0
1.0
10
0.0
0.0
0.3333
0.49999999999999994
0.95
1.0
11
0.0
0.0
0.6666
0.8333333333333333
0.9
2.0
12
2.0
1.0
0.6666
0.6666666666666666
0.85
2.0
13
0.0
0.0
0.6666
0.3333333333333333
0.7
1.0
14
2.0
0.0
0.6666
0.75
0.7
1.0
15
0.0
2.0
0.0
0.6
1.0
0.7916666666666666
0.875
2.0
16
1.5
0.0
1.0
1.0
1.0
0.5833333333333334
0.725
2.0
17
0.0
0.0
0.6666
0.29166666666666663
0.8
3.0
18
0.6
0.0
0.6666
0.5
0.8
2.0
19
0.3
1.0
0.3333
0.625
0.65
2.0
20
2.0
1.6
0.6666
0.6666666666666666
0.75
3.0
21
1.0
0.3
0.6666
0.49999999999999994
0.8
4.0
22
1.0
0.0
1.0
0.5833333333333334
0.9
2.0
23
1.0
0.0
1.0
0.3333333333333333
0.75
3.0
24
1.0
0.0
1.0
0.6666666666666666
0.75
1.0
25
0.0
1.6
1.0
1.0
1.0
0.5416666666666666
0.775
1.0
26
1.0
0.0
0.0
1.0
0.25
0.8
1.0
END OF FILE
----START OF FILE 5wordsJueJu.txt ---
1
0.6
1.2
0.3333
0.8
0.5
4.0
2
0.6
2.0
0.6666
0.7333333333333333
0.75
1.0
3
1.0
0.0
1.0
1.0
0.95
2.0
4
1.0
1.0
1.0
0.8333333333333333
0.85
1.0
5
1.3
1.3
1.0
0.9166666666666666
0.6
3.0
6
1.0
0.0
1.0
0.9166666666666666
0.5
2.0
7
0.6
1.15
0.6666
0.9166666666666666
0.85
2.0
8
1.0
1.5
1.0
1.0
0.9
2.0
9
0.0
1.0
1.0
0.8333333333333333
0.75
4.0
10
1.6
2.0
0.6666
1.0
0.75
2.0
11
1.0
1.0
0.6666
0.8333333333333333
0.7
3.0
12
1.0
0.0
0.6666
1.0
0.85
1.0
13
3.0
2.0
0.6666
0.7916666666666666
1.0
1.0
14
0.0
0.0
0.6666
0.9166666666666666
0.55
2.0
15
0.0
0.0
0.6666
0.6666666666666666
0.7
2.0
16
0.0
0.0
0.6666
0.8333333333333333
0.7
2.0
17
0.3
0.0
1.0
0.8333333333333333
0.75
2.0
18
1.0
0.0
0.6666
0.9166666666666666
0.9
2.0
19
1.0
2.0
1.0
1.0
0.75
2.0
20
3.0
1.0
1.0
0.8333333333333333
0.9
1.0
21
2.0
0.15
0.6666
1.0
0.8
4.0
22
0.20000000596046447
0.0
0.6666
1.0
0.85
1.0
23
2.0
0.0
1.0
0.8333333333333333
0.95
1.0
24
2.0
0.0
1.0
0.8333333333333333
0.9
1.0
25
0.0
0.3
0.6666
0.8333333333333333
0.85
1.0
26
0.3
0.3
1.0
1.0
0.6
1.0
27
0.0
0.0
1.0
0.9166666666666666
0.95
1.0
28
1.0
1.0
0.6666
0.9166666666666666
0.8
4.0
29
0.0
1.0
1.0
0.8333333333333333
0.95
1.0
30
1.15
0.0
0.6666
0.8333333333333333
0.7
2.0
END OF FILE
----START OF FILE 5wordsLvShi.txt ---
1
0.0
1.0
2.0
0.3
1.0
0.8333333333333333
0.875
1.0
2
0.0
0.0
2.0
0.6
1.0
0.875
0.875
1.0
3
3.0
1.3
2.0
0.0
1.0
0.75
0.875
1.0
4
0.0
1.0
1.0
3.0
1.0
0.9166666666666666
0.85
1.0
5
0.0
2.5
2.0
0.6
0.0
0.8958333333333334
0.925
1.0
6
0.3
1.0
2.0
1.0
1.0
0.8333333333333334
0.925
1.0
7
0.0
0.0
3.0
0.3
0.6666
0.9166666666666666
0.95
1.0
8
2.5
1.0
2.0
2.0
1.0
0.9166666666666666
0.925
1.0
9
1.0
1.6
2.0
0.15
1.0
0.9583333333333333
0.825
2.0
10
3.0
2.0
2.5
1.6
0.6666
0.9166666666666667
0.975
1.0
11
0.0
2.0
1.0
0.0
0.6666
0.7916666666666667
0.9
1.0
12
2.0
3.0
3.0
1.6
0.6666
1.0
0.9
1.0
13
3.0
0.3
2.0
0.3
0.6666
0.9166666666666667
0.9
2.0
14
0.3
1.3
1.0
0.3
1.0
1.0
0.85
2.0
15
0.0
0.6
1.0
1.0
0.6666
0.9166666666666667
0.85
1.0
16
2.0
2.5
0.0
1.3
1.0
0.8333333333333335
0.95
1.0
17
0.6
1.0
2.0
0.6
0.6666
0.9166666666666666
0.825
1.0
18
0.15
2.0
1.0
1.0
1.0
0.8333333333333334
0.875
1.0
19
0.0
1.0
2.0
0.6
0.6666
0.875
0.85
2.0
20
0.3
2.0
1.5
0.20000000596046447
0.0
1.0
0.85
1.0
21
1.15
0.0
3.0
0.20000000596046447
1.0
0.9166666666666666
0.9
2.0
22
0.0
3.0
3.0
1.3
0.3333
1.0
0.95
1.0
23
1.5
1.0
2.0
1.0
0.6666
0.9166666666666667
0.9
2.0
24
1.0
3.0
0.6
1.0
0.6666
0.9583333333333333
0.95
2.0
25
3.0
0.0
3.0
0.0
1.0
0.9375
0.875
2.0
26
3.0
2.0
3.0
0.6
0.6666
0.9166666666666666
0.925
4.0
27
0.0
0.0
3.0
0.0
1.0
0.875
1.0
2.0
28
1.3333333432674408
2.5
1.5
1.3
1.0
0.9583333333333334
0.9
1.0
29
3.0
0.15
3.0
0.0
0.6666
0.9375
0.925
1.0
30
0.6
2.0
1.0
1.5
1.0
0.9583333333333334
0.875
1.0
31
3.0
1.0
1.5
0.0
1.0
1.0
0.875
1.0
32
1.0
2.0
1.0
1.0
0.6666
1.0
0.85
2.0
33
0.0
3.0
1.0
0.3
0.6666
1.0
0.875
2.0
END OF FILE
