1
1.7999999999999998
0.3333
0.8
0.5
4.0
2
2.6
0.6666
0.7333333333333333
0.75
1.0
3
1.0
1.0
1.0
0.95
2.0
4
2.0
1.0
0.8333333333333333
0.85
1.0
5
2.6
1.0
0.9166666666666666
0.6
3.0
6
1.0
1.0
0.9166666666666666
0.5
2.0
7
1.75
0.6666
0.9166666666666666
0.85
2.0
8
2.5
1.0
1.0
0.9
2.0
9
1.0
1.0
0.8333333333333333
0.75
4.0
10
3.6
0.6666
1.0
0.75
2.0
11
2.0
0.6666
0.8333333333333333
0.7
3.0
12
1.0
0.6666
1.0
0.85
1.0
13
5.0
0.6666
0.7916666666666666
1.0
1.0
14
0.0
0.6666
0.9166666666666666
0.55
2.0
15
0.0
0.6666
0.6666666666666666
0.7
2.0
16
0.0
0.6666
0.8333333333333333
0.7
2.0
17
0.3
1.0
0.8333333333333333
0.75
2.0
18
1.0
0.6666
0.9166666666666666
0.9
2.0
19
3.0
1.0
1.0
0.75
2.0
20
4.0
1.0
0.8333333333333333
0.9
1.0
21
2.15
0.6666
1.0
0.8
4.0
22
0.20000000596046447
0.6666
1.0
0.85
1.0
23
2.0
1.0
0.8333333333333333
0.95
1.0
24
2.0
1.0
0.8333333333333333
0.9
1.0
25
0.3
0.6666
0.8333333333333333
0.85
1.0
26
0.6
1.0
1.0
0.6
1.0
27
0.0
1.0
0.9166666666666666
0.95
1.0
28
2.0
0.6666
0.9166666666666666
0.8
4.0
29
1.0
1.0
0.8333333333333333
0.95
1.0
30
1.15
0.6666
0.8333333333333333
0.7
2.0