1
0.0
0.6666
0.49999999999999994
0.7
4.0
2
1.0
0.6666
0.5833333333333333
0.6
2.0
3
1.3
0.6666
0.7499999999999999
0.7
1.0
4
0.6
0.6666
0.3333333333333333
0.85
1.0
5
0.0
0.6666
0.3333333333333333
0.65
2.0
6
5.5
1.0
1.0
0.8
4.0
7
1.0
0.6666
0.875
0.7
2.0
8
1.6
0.6666
0.7499999999999999
0.75
1.0
9
2.6
0.6666
0.8333333333333333
1.0
1.0
10
0.0
0.3333
0.49999999999999994
0.95
1.0
11
0.0
0.6666
0.8333333333333333
0.9
2.0
12
3.0
0.6666
0.6666666666666666
0.85
2.0
13
0.0
0.6666
0.3333333333333333
0.7
1.0
14
2.0
0.6666
0.75
0.7
1.0
15
1.3
1.0
0.7916666666666666
0.875
2.0
16
1.75
1.0
0.5833333333333334
0.725
2.0
17
0.0
0.6666
0.29166666666666663
0.8
3.0
18
0.6
0.6666
0.5
0.8
2.0
19
1.3
0.3333
0.625
0.65
2.0
20
3.6
0.6666
0.6666666666666666
0.75
3.0
21
1.3
0.6666
0.49999999999999994
0.8
4.0
22
1.0
1.0
0.5833333333333334
0.9
2.0
23
1.0
1.0
0.3333333333333333
0.75
3.0
24
1.0
1.0
0.6666666666666666
0.75
1.0
25
1.8
1.0
0.5416666666666666
0.775
1.0
26
0.6666666666666666
1.0
0.25
0.8
1.0