----START OF FILE 5wordsBadLvShi.txt ---
1
2.0
3.0
2.0
1.0
1.0
0.875
0.85
1.0
2
0.0
2.0
2.0
0.3
1.0
0.8541666666666666
0.95
1.0
3
1.0
3.0
0.0
0.3
0.6666
0.7500000000000001
0.95
1.0
4
0.6
3.0
2.0
0.0
0.6666
0.7592592592592592
0.875
2.0
5
0.0
1.0
2.0
0.15
0.6666
0.8333333333333334
0.825
1.0
6
0.0
1.5
2.0
0.0
0.6666
0.8541666666666667
1.0
2.0
7
1.15
0.3
2.0
0.0
0.6666
0.9166666666666666
0.975
1.0
8
0.6
0.15
0.6
0.6
0.6666
0.9166666666666667
0.95
2.0
9
1.5
1.0
1.1666666716337204
0.3
0.6666
0.875
0.95
1.0
10
0.3
1.0
2.0
0.075
0.6666
0.875
0.975
2.0
11
0.44999999999999996
2.0
2.0
1.0
1.0
0.9375
0.825
1.0
END OF FILE