1
1.65
1.0
0.8333333333333333
0.875
1.0
2
1.3
1.0
0.875
0.875
1.0
3
3.15
1.0
0.75
0.875
1.0
4
2.5
1.0
0.9166666666666666
0.85
1.0
5
2.55
0.0
0.8958333333333334
0.925
1.0
6
2.15
1.0
0.8333333333333334
0.925
1.0
7
1.65
0.6666
0.9166666666666666
0.95
1.0
8
3.75
1.0
0.9166666666666666
0.925
1.0
9
2.375
1.0
0.9583333333333333
0.825
2.0
10
4.55
0.6666
0.9166666666666667
0.975
1.0
11
1.5
0.6666
0.7916666666666667
0.9
1.0
12
4.8
0.6666
1.0
0.9
1.0
13
2.8
0.6666
0.9166666666666667
0.9
2.0
14
1.45
1.0
1.0
0.85
2.0
15
1.3
0.6666
0.9166666666666667
0.85
1.0
16
2.9
1.0
0.8333333333333335
0.95
1.0
17
2.1
0.6666
0.9166666666666666
0.825
1.0
18
2.075
1.0
0.8333333333333334
0.875
1.0
19
1.8
0.6666
0.875
0.85
2.0
20
2.000000002980232
0.0
1.0
0.85
1.0
21
2.1750000029802323
1.0
0.9166666666666666
0.9
2.0
22
3.65
0.3333
1.0
0.95
1.0
23
2.75
0.6666
0.9166666666666667
0.9
2.0
24
2.8
0.6666
0.9583333333333333
0.95
2.0
25
3.0
1.0
0.9375
0.875
2.0
26
4.3
0.6666
0.9166666666666666
0.925
4.0
27
1.5
1.0
0.875
1.0
2.0
28
3.3166666716337203
1.0
0.9583333333333334
0.9
1.0
29
3.075
0.6666
0.9375
0.925
1.0
30
2.55
1.0
0.9583333333333334
0.875
1.0
31
2.75
1.0
1.0
0.875
1.0
32
2.5
0.6666
1.0
0.85
2.0
33
2.15
0.6666
1.0
0.875
2.0